1 73 0.23
2 73 0.30
3 74 0.71
4 75 0.92
5 76 0.77
6 78 3.03
7 82 9.61
8 81 15.36
9 81 13.10
10 81 8.23
11 81 5.02
12 81 3.16
13 81 3.07
14 81 5.28
15 81 6.07
16 76 4.92
17 77 4.82
18 75 5.00
19 68 5.26
20 69 6.63
21 68 9.50
22 70 9.98
23 70 12.05
24 68 10.59
25 67 12.58
26 66 13.22
27 69 20.36
28 74 34.55
29 78 104.71
30 80 116.75
31 83 128.74
32 83 83.87
33 84 96.58
34 83 130.67
35 84 127.50
36 88 202.66
37 89 753.41
38 88 813.16
39 87 566.75
40 85 479.31
41 80 460.70
42 80 629.86
43 80 639.16
44 79 598.20
45 79 475.35
46 78 383.94
47 77 324.57
48 69 376.63
49 64 314.03
50 64 227.62
51 62 258.73
52 60 247.63
53 62 232.77
54 62 223.57
55 61 258.34
56 61 281.54
57 61 228.06
58 61 237.82
59 61 328.49
60 65 362.91
61 67 434.88
62 67 371.37
63 69 433.23
64 71 417.17
65 71 454.34
66 74 534.93
67 77 677.75
68 77 603.07
69 76 572.56
70 77 615.44
71 77 729.78
72 77 753.16
73 78 995.93
74 79 987.75
75 79 1228.56
76 80 1090.40
77 79 1425.25
78 79 2417.94
79 79 2420.54
80 81 2731.12
81 83 4930.91
82 84 4382.81
83 85 6764.76
84 87 10862.87
85 88 13436.40
86 88 9014.03
87 89 10951.00
88 89 6844.23
89 89 9105.53
90 89 7539.14
91 87 6388.12
92 84 7624.91
93 81 7193.42
94 79 6587.61
95 76 6375.53
96 73 4215.68
97 70 3840.96
98 67 3488.65
99 64 3861.87
100 63 4157.47
101 62 5401.03
102 63 8567.50
103 65 10590.76
104 67 10399.67
105 68 9757.97
106 69 8343.28
107 70 9260.42
108 71 7425.86
109 68 7199.66
110 69 9392.88
111 71 8563.41
112 72 6589.25
113 72 8855.32
114 71 10170.41
115 69 9228.16
116 67 11766.96
117 67 11968.97
118 66 10623.33
119 68 13712.18
120 69 18863.78
121 77 29354.31
122 80 33543.86
123 81 46394.89554
124 80 56384.66
