94989 0.23
100590 0.30
105734 0.71
111266 0.92
116214 0.77
121305 3.03
128053 9.61
134294 15.36
139200 13.10
143537 8.23
147708 5.02
151464 3.16
155633 3.07
160189 5.28
164921 6.07
169286 4.92
173946 4.82
178184 5.00
182580 5.26
187105 6.63
191870 9.50
196776 9.98
201441 12.05
206055 10.59
210516 12.58
214724 13.22
219153 20.36
223816 34.55
229205 104.71
234125 116.75
239164 128.74
244316 83.87
249701 96.58
255582 130.67
261175 127.50
267395 202.66
278200 753.41
283656 813.16
288513 566.75
293653 479.31
298688 460.70
303726 629.86
308804 639.16
313560 598.20
318666 475.35
323423 383.94
328097 324.57
332492 376.63
337025 314.03
341546 227.62
345750 258.73
350293 247.63
354563 232.77
359012 223.57
363397 258.34
368000 281.54
372594 228.06
377058 237.82
381622 328.49
386285 362.91
391316 434.88
396209 371.37
400741 433.23
405331 417.17
409792 454.34
414400 534.93
418877 677.75
423240 603.07
427876 572.56
432440 615.44
436971 729.78
441486 753.16
446188 995.93
451136 987.75
455343 1228.56
459963 1090.40
464419 1425.25
469291 2417.94
473756 2420.54
478627 2731.12
483058 4930.91
487869 4382.81
492713 6764.76
497114 10862.87
502116 13436.40
507175 9014.03
511549 10951.00
516201 6844.23
520807 9105.53
525532 7539.14
530113 6388.12
534762 7624.91
539566 7193.42
543992 6587.61
548367 6375.53
552207 4215.68
556607 3840.96
561141 3488.65
565270 3861.87
569794 4157.47
574167 5401.03
578868 8567.50
583379 10590.76
588148 10399.67
592825 9757.97
597460 8343.28
601971 9260.42
606226 7425.86
610864 7199.66
615578 9392.88
619758 8563.41
623989 6589.25
628490 8855.32
632675 10170.41
637252 9228.16
641816 11766.96
646354 11968.97
650855 10623.33
655057 13712.18
659550 18863.78
664061 29354.31
668666 33543.86
672757 46394.89554
